-2147483648
-1
-2
-5
-12
-13
-15
-16
-19
-21
-24
-25
-27
-28
-51
-52
-123
-124
-125
-126
-127
-128
-129
-132
-134
-135
-136
-137
-138
-139
-152
-153
-156
-159
-162
-164
-165
-167
-168
-192
-195
-196
-214
-215
-216
-218
-245
-246
-248
-254
-258
-275
-276
-285
-1234
-1235
-1237
-1238
-1243
-1245
-1246
-1247
-1248
-1249
-1253
-1254
-1256
-1257
-1258
-1259
-1263
-1264
-1265
-1267
-1268
-1269
-1273
-1275
-1276
-1278
-1279
-1283
-1285
-1286
-1287
-1289
-1293
-1294
-1295
-1296
-1297
-1298
-1325
-1326
-1327
-1328
-1329
-1345
-1346
-1348
-1349
-1356
-1357
-1358
-1359
-1365
-1367
-1368
-1369
-1375
-1376
-1379
-1385
-1386
-1389
-1395
-1397
-1526
-1528
-1529
-1538
-1568
-1569
-1628
-1629
-1649
-1658
-1659
-1689
-2143
-2145
-2146
-2149
-2153
-2154
-2156
-2157
-2158
-2159
-2164
-2165
-2167
-2168
-2169
-2183
-2184
-2185
-2186
-2187
-2189
-2456
-2457
-2458
-2459
-2465
-2467
-2468
-2485
-2486
-2549
-2758
-2759
-12345
-12346
-12347
-12348
-12349
-12354
-12357
-12358
-12374
-12375
-12376
-12378
-12379
-12384
-12385
-12387
-12435
-12436
-12437
-12438
-12439
-12456
-12457
-12458
-12459
-12465
-12467
-12468
-12469
-12475
-12476
-12478
-12479
-12485
-12486
-12487
-12489
-12495
-12496
-12497
-12498
-12536
-12537
-12538
-12539
-12546
-12549
-12567
-12568
-12569
-12576
-12578
-12579
-12586
-12587
-12589
-12596
-12597
-12598
-12637
-12638
-12639
-12648
-12649
-12657
-12658
-12659
-12678
-12679
-12687
-12697
-12698
-12738
-12739
-12758
-12759
-12768
-12769
-12798
-12839
-12859
-12879
-13254
-13256
-13257
-13258
-13259
-13264
-13265
-13267
-13268
-13274
-13275
-13276
-13278
-13279
-13284
-13285
-13286
-13294
-13295
-13296
-13297
-13298
-13456
-13457
-13458
-13459
-13465
-13467
-13468
-13485
-13486
-13495
-13496
-13497
-13498
-13567
-13568
-13576
-13579
-13586
-13596
-13597
-13598
-13657
-13658
-13678
-13697
-13698
-13758
-13759
-13768
-15264
-15267
-15268
-15283
-15286
-15294
-15296
-15298
-15698
-16284
-16285
-16294
-16295
-16298
-16495
-16498
-16598
-21435
-21436
-21438
-21456
-21465
-21468
-21495
-21496
-21538
-21546
-21548
-21568
-21576
-21578
-21586
-21596
-21598
-21648
-21658
-21678
-24568
-24576
-24586
-24658
-123456
-123457
-123458
-123459
-123465
-123467
-123468
-123469
-123475
-123476
-123479
-123485
-123486
-123487
-123489
-123495
-123497
-123498
-123547
-123548
-123549
-123578
-123579
-123587
-123748
-123749
-123758
-123759
-123768
-123789
-123798
-124356
-124357
-124358
-124359
-124365
-124367
-124368
-124369
-124385
-124386
-124387
-124389
-124395
-124396
-124397
-124398
-124567
-124568
-124569
-124586
-124587
-124589
-124596
-124597
-124598
-124657
-124658
-124659
-124687
-124689
-124697
-124698
-124758
-124759
-124768
-124769
-124789
-124798
-124859
-124869
-125364
-125367
-125368
-125369
-125376
-125378
-125379
-125384
-125386
-125387
-125389
-125468
-125469
-125678
-125679
-125687
-125689
-125768
-125769
-125789
-125869
-126375
-126378
-126379
-126384
-126385
-126387
-126389
-126394
-126395
-126397
-126485
-126489
-126495
-126497
-126578
-126579
-126587
-126589
-126597
-126789
-127385
-127386
-127389
-127395
-127396
-127586
-127589
-127596
-127689
-128395
-128397
-128597
-132546
-132547
-132548
-132549
-132567
-132568
-132569
-132576
-132579
-132586
-132587
-132589
-132597
-132647
-132648
-132649
-132657
-132658
-132659
-132679
-132687
-132689
-132749
-132758
-132759
-132768
-132769
-132789
-132849
-132859
-132869
-134568
-134569
-134586
-134589
-134658
-134659
-134689
-134859
-134869
-135679
-135687
-135689
-135769
-135869
-136579
-136587
-136589
-136789
-137586
-152648
-152649
-152689
-152869
-162849
-162859
-214356
-214357
-214358
-214359
-214365
-214367
-214368
-214385
-214386
-214389
-214568
-214569
-214658
-214659
-214689
-215467
-215468
-215469
-215768
-215769
-216485
-216487
-216587
-245768
-1234567
-1234568
-1234576
-1234578
-1234579
-1234586
-1234589
-1234596
-1234597
-1234598
-1234657
-1234658
-1234659
-1234678
-1234679
-1234687
-1234689
-1234697
-1234698
-1234759
-1234769
-1234859
-1234879
-1235476
-1235478
-1235479
-1235497
-1235498
-1235798
-1237485
-1237486
-1237489
-1237495
-1237496
-1237498
-1237586
-1237589
-1237598
-1237689
-1243567
-1243568
-1243569
-1243576
-1243578
-1243579
-1243586
-1243587
-1243589
-1243596
-1243597
-1243598
-1243657
-1243658
-1243659
-1243678
-1243679
-1243687
-1243689
-1243697
-1243698
-1243857
-1243859
-1243867
-1243869
-1243879
-1243897
-1243957
-1243967
-1245678
-1245679
-1245697
-1245698
-1245867
-1245869
-1245879
-1245897
-1245967
-1246578
-1246579
-1246587
-1246589
-1246597
-1246598
-1246879
-1246897
-1247586
-1247589
-1247596
-1247598
-1247698
-1248596
-1253648
-1253649
-1253678
-1253679
-1253687
-1253697
-1253698
-1253768
-1253769
-1253798
-1253849
-1253879
-1254698
-1256798
-1257698
-1263758
-1263759
-1263798
-1263849
-1263859
-1263879
-1264859
-1265798
-1265879
-1273859
-1325467
-1325468
-1325486
-1325496
-1325497
-1325498
-1325697
-1325698
-1325768
-1325798
-1326475
-1326478
-1326485
-1326578
-1327495
-1327496
-1327586
-1327596
-1327598
-1327698
-1328495
-1328496
-1328596
-1345697
-1345698
-1345867
-1348596
-1357698
-1526498
-1628495
-2143568
-2143576
-2143586
-2143598
-2143658
-2143678
-2146598
-12345687
-12345768
-12345769
-12345789
-12345869
-12346578
-12346579
-12346587
-12346589
-12346789
-12346879
-12347596
-12347698
-12348597
-12354768
-12354769
-12354789
-12354798
-12374859
-12374869
-12435687
-12435689
-12435789
-12436587
-12436589
-12436597
-12436598
-12436789
-12436798
-12438596
-12438597
-12438697
-12456789
-12458697
-12465789
-12536487
-12536489
-12536789
-12536879
-12537689
-12637589
-12638495
-12638497
-12638597
-13254687
-13254689
-13254869
-13254967
-13256987
-13257689
-13264758
-13264759
-13264789
-13264859
-13275869
-21436587
-21436789
-123456879
-123457689
-123457698
-123465798
-123465879
-123476985
-123547698
-124356879
-124357896
-124365897
-124367985
-124385967
-125364879
-125368794
-214367895
